NaN	1.0021646756995106	NaN
NaN	0.9952926893518567	NaN
NaN	0.9700954060771263	NaN
NaN	0.988420703004203	NaN
NaN	1.000446679112597	NaN
NaN	0.9580694299687321	NaN
NaN	0.938598801983713	NaN
NaN	0.9025208736585306	NaN
NaN	0.8882042354342519	NaN
NaN	0.9328721466940014	NaN
NaN	0.9168375118828095	NaN
NaN	0.9208461705856072	NaN
NaN	0.964941416316386	NaN
NaN	1.0370972729667507	NaN
NaN	1.0187719760396738	NaN
NaN	1.0118999896920202	NaN
NaN	1.0330886142639526	NaN
NaN	1.0250712968583564	NaN
NaN	1.0433965937854333	NaN
NaN	1.0594312285966254	NaN
NaN	1.053704573306914	NaN
NaN	1.069166542589135	NaN
NaN	1.0605765596545678	NaN
NaN	1.0605765596545678	NaN
NaN	0.9930020272359722	NaN
NaN	0.984984709830376	NaN
NaN	1.0187719760396738	NaN
NaN	1.0296526210901258	NaN
NaN	1.027361958974241	NaN
NaN	1.0290799555611545	NaN
NaN	1.0101819931051066	NaN
NaN	1.0181993105107028	NaN
NaN	1.0244986313293853	NaN
NaN	1.0290799555611545	NaN
NaN	1.027361958974241	NaN
NaN	1.0141906518079047	NaN
NaN	1.023925965800414	NaN
NaN	1.0033100067574527	NaN
NaN	0.980403385598607	NaN
NaN	1.0067459999312796	NaN
NaN	0.964941416316386	NaN
NaN	0.9723860681930108	NaN
NaN	0.9952926893518567	NaN
NaN	1.0187719760396738	NaN
NaN	1.0296526210901258	NaN
NaN	1.0073186654602508	NaN
NaN	1.0285072900321834	NaN
NaN	0.999874013583626	NaN
NaN	1.0313706176770392	NaN
NaN	1.0330886142639526	NaN
NaN	1.0147633173368757	NaN
NaN	1.1258604299572788	NaN
NaN	1.0794745221106157	NaN
NaN	1.1172704470227115	NaN
NaN	1.1453310579422977	NaN
NaN	1.0703118736470774	NaN
NaN	1.0955091569218078	NaN
NaN	1.046259921430289	NaN
NaN	1.042251262727491	NaN
NaN	1.0176266449817315	NaN
NaN	0.9597874265556456	NaN
NaN	0.9741040647799243	NaN
NaN	0.9758220613668377	NaN
NaN	0.9993013480546548	NaN
NaN	1.0531319077779429	NaN
NaN	1.0330886142639526	NaN
NaN	0.9655140818453569	NaN
NaN	0.9660867473743282	NaN
NaN	0.9426074606865111	NaN
NaN	0.968950075019184	NaN
NaN	0.9580694299687321	NaN
NaN	0.9672320784322704	NaN
NaN	0.9420347951575399	NaN
NaN	0.9300088190491457	NaN
NaN	0.9534881057369627	NaN
NaN	0.946043453860338	NaN
NaN	0.9855573753593473	NaN
NaN	1.023353300271443	NaN
NaN	1.0244986313293853	NaN
NaN	1.034806610850866	NaN
NaN	1.0256439623873277	NaN
NaN	1.0703118736470774	NaN
NaN	1.0531319077779429	NaN
NaN	1.0193446415686451	NaN
NaN	0.9838393787724338	NaN
NaN	0.9826940477144914	NaN
NaN	0.988420703004203	NaN
NaN	0.9569240989107898	NaN
NaN	0.9786853890116934	NaN
NaN	0.9597874265556456	NaN
NaN	0.9546334367949053	NaN
NaN	0.9643687507874147	NaN
NaN	0.9174101774117804	NaN
NaN	0.915119515295896	NaN
NaN	0.8927855596660211	NaN
