2019/10/10CACHE959400.0
660200.0
935700.0
816700.0
2730300.0
1215200.0
899600.0
1207500.0
1475900.0
1734000.0
544400.0
506500.0
1324800.0
1386700.0
901000.0
360500.0
573600.0
999400.0
899700.0
810300.0
738500.0
1071900.0
1543100.0
1081600.0
941600.0
766500.0
684600.0
2095000.0
776700.0
721500.0
467200.0
464500.0
539200.0
976000.0
1074900.0
929500.0
814300.0
1077200.0
737500.0
1079200.0
862700.0
707300.0
727900.0
1094800.0
858500.0
610900.0
557400.0
1012000.0
649500.0
1090900.0
1201700.0
3823000.0
1810800.0
881800.0
1335600.0
2819700.0
897700.0
829700.0
751300.0
759200.0
1488500.0
1365500.0
946500.0
819600.0
1039500.0
729300.0
879300.0
586900.0
815100.0
428600.0
656200.0
429400.0
641800.0
1087100.0
809300.0
315200.0
845000.0
581500.0
669100.0
476400.0
381000.0
706800.0
457500.0
621900.0
1550900.0
1374300.0
752400.0
785600.0
800300.0
836700.0
623800.0
449300.0
1054700.0
2685300.0
595600.0
625100.0
630700.0
517100.0
787500.0
230458.0
