2019/10/10CACHE17.5
17.38
16.94
17.26
17.47
16.73
16.39
15.76
15.51
16.29
16.01
16.08
16.85
18.11
17.79
17.67
18.04
17.9
18.22
18.5
18.4
18.67
18.52
18.52
17.34
17.2
17.79
17.98
17.94
17.97
17.64
17.78
17.89
17.97
17.94
17.71
17.88
17.52
17.12
17.58
16.85
16.98
17.38
17.79
17.98
17.59
17.96
17.46
18.01
18.04
17.72
19.66
18.85
19.51
20.0
18.69
19.13
18.27
18.2
17.77
16.76
17.01
17.04
17.45
18.39
18.04
16.86
16.87
16.46
16.92
16.73
16.89
16.45
16.24
16.65
16.52
17.21
17.87
17.89
18.07
17.91
18.69
18.39
17.8
17.18
17.16
17.26
16.71
17.09
16.76
16.67
16.84
16.02
15.98
15.59
15.68
15.64
15.43
15.57
15.71
