2019/10/10CACHE17.11
17.7
17.31
17.08
17.39
17.29
16.79
16.15
15.78
15.75
16.43
15.99
16.11
18.15
18.31
17.76
17.78
17.99
17.96
18.34
18.46
18.58
18.68
18.7
18.56
17.55
17.32
17.83
18.22
17.94
18.05
17.55
17.84
17.89
18.71
18.0
17.81
18.0
17.46
17.77
17.49
16.8
16.91
16.87
17.62
18.0
17.6
17.91
17.36
18.09
18.14
18.88
19.0
19.02
19.22
19.69
18.61
19.14
18.27
17.98
17.65
16.84
17.19
17.09
18.1
18.43
17.81
17.11
16.89
16.5
17.03
16.78
16.69
16.62
16.4
16.65
16.56
17.12
17.93
17.89
18.03
17.92
18.93
18.33
17.84
17.1
17.17
17.24
16.61
17.11
16.72
16.62
16.94
15.8
15.97
15.62
15.66
15.54
15.53
15.63
